2 0.01796875 0.56640625 0.0359375 0.0515625
2 0.06640625 0.56640625 0.053125 0.04609375
2 0.1234375 0.5671875 0.04140625 0.05078125
2 0.175 0.565625 0.0453125 0.04765625
2 0.23359375 0.56953125 0.05625 0.04609375
2 0.30078125 0.5734375 0.053125 0.04921875
2 0.36796875 0.57421875 0.05390625 0.05078125
2 0.42421875 0.57578125 0.0421875 0.04453125
2 0.475 0.5703125 0.0296875 0.04140625
2 0.52578125 0.57890625 0.0625 0.05390625
2 0.59453125 0.58359375 0.0546875 0.04765625
2 0.66328125 0.58203125 0.0515625 0.059375
2 0.7328125 0.58828125 0.04765625 0.05234375
2 0.80625 0.58828125 0.05 0.04921875
2 0.88515625 0.59375 0.07265625 0.065625
2 0.96875 0.59375 0.059375 0.04765625