2 0.0078125 0.63125 0.015625 0.046875
2 0.05078125 0.62734375 0.05703125 0.0515625
2 0.125 0.62421875 0.075 0.05
2 0.2046875 0.6296875 0.06875 0.053125
2 0.27421875 0.63046875 0.0515625 0.04765625
2 0.33125 0.63125 0.05078125 0.04921875
2 0.38984375 0.634375 0.0515625 0.04765625
2 0.44296875 0.63671875 0.04375 0.04921875
2 0.49921875 0.63828125 0.053125 0.04609375
2 0.56484375 0.640625 0.0578125 0.0515625
2 0.63671875 0.64609375 0.0671875 0.04609375
2 0.70390625 0.6453125 0.0515625 0.0453125
2 0.7609375 0.65625 0.04921875 0.04765625
2 0.81796875 0.65390625 0.04375 0.04375
2 0.875 0.6546875 0.04296875 0.03984375
2 0.92890625 0.66171875 0.04453125 0.04375
2 0.9796875 0.67265625 0.040625 0.0546875