2 0.0203125 0.8109375 0.03984375 0.09921875
2 0.09453125 0.8109375 0.05703125 0.08125
2 0.1421875 0.8171875 0.0171875 0.04921875
2 0.1828125 0.80390625 0.0359375 0.05859375
2 0.24453125 0.809375 0.0359375 0.0625
2 0.30703125 0.79375 0.05234375 0.096875
2 0.36796875 0.80078125 0.03515625 0.0640625
2 0.43203125 0.8171875 0.02265625 0.04921875
2 0.46484375 0.80390625 0.04375 0.08828125
2 0.5453125 0.79375 0.05859375 0.1046875
2 0.64921875 0.82109375 0.090625 0.096875
2 0.7453125 0.81484375 0.071875 0.0890625
2 0.83046875 0.803125 0.0671875 0.09140625
2 0.90546875 0.809375 0.0703125 0.1
2 0.978125 0.81484375 0.04375 0.0890625