2 0.0390625 0.4890625 0.04140625 0.03984375
2 0.11875 0.48359375 0.1 0.0484375
2 0.2015625 0.4765625 0.04609375 0.04453125
2 0.2546875 0.478125 0.05703125 0.04609375
2 0.30546875 0.478125 0.0390625 0.05078125
2 0.3609375 0.48125 0.0640625 0.05078125
2 0.4234375 0.48125 0.05390625 0.04921875
2 0.48515625 0.48046875 0.05625 0.05078125
2 0.5390625 0.4859375 0.03828125 0.03984375
2 0.5828125 0.4875 0.040625 0.0390625
2 0.63046875 0.48828125 0.04296875 0.034375
2 0.67265625 0.490625 0.03671875 0.0421875
2 0.76640625 0.490625 0.1328125 0.0515625
2 0.8515625 0.4953125 0.03046875 0.03515625
2 0.8859375 0.4984375 0.0265625 0.03671875
2 0.9265625 0.4984375 0.04140625 0.0375
2 0.975 0.49921875 0.05 0.03515625